  5.0000000e+001  2.0000000e+002  3.0630528e+000  4.1990251e-002  1.0000000e+000             Inf
  1.9225995e+001  2.0926987e+002  4.7388050e-001  2.2004083e+000  1.0000000e+000             Inf
  5.0000000e+001  2.0000000e+002  3.0630528e+000  4.1990251e-002  1.0000000e+000             Inf
  2.1671911e+001  2.0898498e+002  6.0130382e-001  1.3573596e+000  1.0000000e+000  3.5108658e-001
  4.8255770e+001  2.0057041e+002  2.8612108e+000  4.8813742e-002  1.0000000e+000  3.0491125e-001
  2.3111659e+001  2.0944371e+002  6.8535258e-001  1.0563698e+000  1.0000000e+000  2.8322463e-001
  4.3395582e+001  2.0045857e+002  2.3125980e+000  7.4512706e-002  1.0000000e+000  2.7149924e-001
  3.3754449e+001  2.0809684e+002  1.4524862e+000  2.2772508e-001  1.0000000e+000  2.2176167e-001
  3.0639494e+001  2.0806967e+002  1.1966205e+000  3.3530379e-001  1.0000000e+000  1.9733454e-001
  3.7240616e+001  2.0865512e+002  1.7727490e+000  1.5493809e-001  1.0000000e+000  1.9533942e-001
  2.0522034e+001  2.0917493e+002  5.3967828e-001  1.6927226e+000  1.0000000e+000  1.9355222e-001
  2.7554977e+001  2.0855461e+002  9.7007295e-001  5.1617582e-001  1.0000000e+000  1.8577275e-001
  2.5024822e+001  2.0828046e+002  7.9905194e-001  7.5578813e-001  1.0000000e+000  1.7905449e-001
  2.7697077e+001  2.0857831e+002  9.8021536e-001  5.0583658e-001  1.0000000e+000  1.7129649e-001
  2.4208733e+001  2.0882790e+002  7.4975110e-001  8.6979289e-001  1.0000000e+000  1.5893396e-001
  3.6137711e+001  2.0842430e+002  1.6674550e+000  1.7415701e-001  1.0000000e+000  1.5741550e-001
  4.1074566e+001  2.0090157e+002  2.0764132e+000  9.3453722e-002  1.0000000e+000  1.5083789e-001
  3.1339932e+001  2.0786993e+002  1.2507550e+000  3.0543677e-001  1.0000000e+000  1.4866288e-001
  1.9806466e+001  2.0791982e+002  4.9968274e-001  1.9160122e+000  1.0000000e+000  1.2501447e-001
  1.9536465e+001  2.0792748e+002  4.8617023e-001  2.0243716e+000  1.0000000e+000  1.2374300e-001
